2-я когорта

15216684,15216685,15216686,15216687,15312710,15343013,15452061,15452062

3-я когорта 

15217175,15217176,15217177,15217178,15312768,15343345,15452391,15452392

4-я когорта 

15218025,15218026,15218027,15218028,15312796,15343385,15451661,15451662

5-я когорта

15218167,15218168,15218169,15218170,15312813,15343425,15451925,15452020

6-я когорта

15219453,15219454,15219455,15219456,15312829,15452514,15452515,15452516

7-я когорта 

15224426,15224427,15224428,15224429,15312863,15452652,15452653,15452654

8-я когорта

15225018,15225019,15225020,15225021,15312870,15452703,15452704,15452705

20-я когорта

15226067,15480172,15480174,15480175,15480177,15480178,15480179,15480180

21-я когорта 

15271046,15480527,15480528,15480529,15480531,15480532,15480533,15480534

22-я когорта

15271062,15480643,15480644,15480645,15480646,15480647,15480648,15480649

23-я когорта

15271077,15480694,15480695,15480770,15480771,15480772,15480773,15480774

24-я когорта

15271095,15482155,15482156,15482157,15482158,15482159,15482184,15482185

25-я 

15271109,15482486,15482487,15482488,15482489,15482490,15482491,15482492

26-я 

15271120,15482803,15482804,15482806,15482807,15482808,15482809,15482810

27-я 

15271130,15483002,15483003,15483004,15483005,15483006,15483007,15483008

40-я

15332274,15681383,15681384,15681385,15681386,15681387,15681388,15681389

41-я

15332305,15681677,15681678,15681679,15681680,15681681,15681682,15681692

42-я

15344164,15681903,15681904,15681905,15681906,15681907,15681908,15681909

43-я

15344179,15682597,15682599,15682600,15682601,15682602,15682604,15682605

44-я

15344190,15682794,15682795,15682796,15682797,15682798,15682799,15682800

45-я 

15344196,15683039,15683040,15683041,15683042,15683043,15683044,15683045

46-я

15344214,15683214,15683215,15683216,15683217,15683218,15683219,15683220

50-я

15673778,15683694,15683695,15683697,15683698,15683699,15683700,15683701

51-я

15673898,16146369,16146370,16146372,16146373,16146374,16146376,16146377

52-я

15674708,16147164,16147165,16147166,16147167,16147168,16147169,16147170

53-я

15902063,15902064,16154020,16154021,16154022,16154023,16154024,16154025
